        // positions         // texture coords
        //0     1     2      3     4
        -0.5, -0.5, -0.5,   0.0,  0.0,
         0.5, -0.5, -0.5,   1.0,  0.0,
         0.5,  0.5, -0.5,   1.0,  1.0,
         0.5,  0.5, -0.5,   1.0,  1.0,
        -0.5,  0.5, -0.5,   0.0,  1.0,
        -0.5, -0.5, -0.5,   0.0,  0.0,

        -0.5, -0.5,  0.5,   0.0,  0.0,
         0.5, -0.5,  0.5,   1.0,  0.0,
         0.5,  0.5,  0.5,   1.0,  1.0,
         0.5,  0.5,  0.5,   1.0,  1.0,
        -0.5,  0.5,  0.5,   0.0,  1.0,
        -0.5, -0.5,  0.5,   0.0,  0.0,

        -0.5,  0.5,  0.5,   1.0,  0.0,
        -0.5,  0.5, -0.5,   1.0,  1.0,
        -0.5, -0.5, -0.5,   0.0,  1.0,
        -0.5, -0.5, -0.5,   0.0,  1.0,
        -0.5, -0.5,  0.5,   0.0,  0.0,
        -0.5,  0.5,  0.5,   1.0,  0.0,

         0.5,  0.5,  0.5,   1.0,  0.0,
         0.5,  0.5, -0.5,   1.0,  1.0,
         0.5, -0.5, -0.5,   0.0,  1.0,
         0.5, -0.5, -0.5,   0.0,  1.0,
         0.5, -0.5,  0.5,   0.0,  0.0,
         0.5,  0.5,  0.5,   1.0,  0.0,

        -0.5, -0.5, -0.5,   0.0,  1.0,
         0.5, -0.5, -0.5,   1.0,  1.0,
         0.5, -0.5,  0.5,   1.0,  0.0,
         0.5, -0.5,  0.5,   1.0,  0.0,
        -0.5, -0.5,  0.5,   0.0,  0.0,
        -0.5, -0.5, -0.5,   0.0,  1.0,

        -0.5,  0.5, -0.5,   0.0,  1.0,
         0.5,  0.5, -0.5,   1.0,  1.0,
         0.5,  0.5,  0.5,   1.0,  0.0,
         0.5,  0.5,  0.5,   1.0,  0.0,
        -0.5,  0.5,  0.5,   0.0,  0.0,
        -0.5,  0.5, -0.5,   0.0,  1.0



  // normals         
  0.0,  0.0, -1.0,
  0.0,  0.0, -1.0,
  0.0,  0.0, -1.0,
  0.0,  0.0, -1.0,
  0.0,  0.0, -1.0,
  0.0,  0.0, -1.0,
  0.0,  0.0,  1.0,
  0.0,  0.0,  1.0,
  0.0,  0.0,  1.0,
  0.0,  0.0,  1.0,
  0.0,  0.0,  1.0,
  0.0,  0.0,  1.0,
 -1.0,  0.0,  0.0,
 -1.0,  0.0,  0.0,
 -1.0,  0.0,  0.0,
 -1.0,  0.0,  0.0,
 -1.0,  0.0,  0.0,
 -1.0,  0.0,  0.0,
  1.0,  0.0,  0.0,
  1.0,  0.0,  0.0,
  1.0,  0.0,  0.0,
  1.0,  0.0,  0.0,
  1.0,  0.0,  0.0,
  1.0,  0.0,  0.0,
  0.0, -1.0,  0.0,
  0.0, -1.0,  0.0,
  0.0, -1.0,  0.0,
  0.0, -1.0,  0.0,
  0.0, -1.0,  0.0,
  0.0, -1.0,  0.0,
  0.0,  1.0,  0.0,
  0.0,  1.0,  0.0,
  0.0,  1.0,  0.0,
  0.0,  1.0,  0.0,
  0.0,  1.0,  0.0,
  0.0,  1.0,  0.0